
INSERT INTO `analisis_campos` (`codigo_analisis`, `id_campo`) VALUES
(660096, 48),
(660111, 55),
(660053, 16),
(660089, 45),
(660114, 72),
(660058, 76),
(660114, 5),
(660023, 15),
(660035, 53),
(660036, 77),
(660091, 75),
(660104, 32),
(660096, 15),
(660049, 29),
(660022, 1),
(660032, 77),
(660036, 62),
(660035, 61),
(660110, 33),
(660115, 69),
(660096, 15),
(660116, 80),
(660075, 4),
(660036, 63),
(660085, 15),
(660093, 67),
(660080, 36),
(660089, 56),
(660052, 5),
(660096, 48),
(660027, 31),
(660070, 8),
(660070, 40),
(660033, 55),
(660029, 11),
(660100, 19),
(660117, 72),
(660035, 46),
(660106, 75),
(660119, 33),
(660037, 55),
(660097, 32),
(660035, 76),
(660021, 48),
(660096, 72),
(660100, 13),
(660087, 42),
(660054, 1),
(660050, 51),
(660052, 41),
(660104, 11),
(660040, 20),
(660091, 29),
(660051, 69),
(660025, 54),
(660085, 70),
(660041, 38),
(660078, 31),
(660067, 52),
(660056, 70),
(660092, 48),
(660072, 68),
(660033, 22);
